20210409a
Pyr
3.730000e+01
NaN
2
NaN
20
NaN
NaN
5.000000e-01
39
41
6.243000e+00
6.313500e+00
6.133500e+00
7
8.482556e-02
14
42
44
6.296200e+00
6.242500e+00
6.240500e+00
1
NaN
2
90
14
61
63
6.104000e+00
6.424000e+00
6.065200e+00
7.666667e+00
5.665397e-02
1.533333e+01
65
67
6.302000e+00
7.106200e+00
7.284500e+00
1.333333e+00
NaN
2.666667e+00
90
2.308097e+02
yes
yes
sin
35
37
6.099000e+00
6.456300e+00
5.989500e+00
1.633333e+01
3.045390e-02
3.266667e+01
100
2.564552e+02
NaN
NaN
NaN
NaN
NaN
NaN
NaN
NaN
NaN
NaN
NaN