20210517a
PV
8.770000e+01
NaN
2
NaN
20
NaN
NaN
5.000000e-01
27
29
6.186000e+00
6.113400e+00
6.166800e+00
1.066667e+01
4.827519e-02
2.133333e+01
30
32
6.204800e+00
6.010000e+00
5.920300e+00
2.366667e+01
2.175643e-02
4.733333e+01
40
2.133333e+01
51
53
6.756900e+00
6.738000e+00
6.987000e+00
5.666667e+00
8.771944e-02
1.133333e+01
54
56
6.012000e+00
6.977400e+00
8.227500e+00
8.666667e+00
4.747917e-02
1.733333e+01
40
3.377040e+01
no
no
same
NaN
NaN
NaN
NaN
NaN
NaN
NaN
NaN
NaN
NaN
mod
65
67
6.011500e+00
6.331600e+00
6.205900e+00
1.366667e+01
3.785985e-02
2.733333e+01
40
4.502720e+01