20210518a
PV
105
NaN
2
NaN
20
NaN
NaN
5.000000e-01
37
39
5.997000e+00
6.460000e+00
6.459500e+00
8.666667e+00
6.635740e-02
1.733333e+01
34
36
6.116500e+00
6.347700e+00
7.062000e+00
2.333333e+00
NaN
4.666667e+00
30
1.733333e+01
48
50
6.170500e+00
6.491000e+00
6.508000e+00
2.333333e+01
2.108001e-02
4.666667e+01
45
47
6.059000e+00
6.343400e+00
7.129500e+00
5.133333e+01
9.782743e-03
1.026667e+02
30
30
yes
no
sin
20
22
6.393200e+00
6.642400e+00
6.802500e+00
4.533333e+01
1.103776e-02
9.066667e+01
40
40
same
NaN
NaN
NaN
NaN
NaN
NaN
NaN
NaN
NaN
NaN